#All paths:

{'performance': 92.0222661469, 'path': "[('polynomial', [1, 5]), '1-gr_tfidf', 6, 'weibull', 1.0, 1000.0]", 'estimated_output': '[1.3221248879911465, 2.688482482930088, 124.34632969905191, 5.8723748263579401, 0.57263916425308992, 2.3669454226378761, 3.2442120252330464, 0.51002636549517355, 45.735701869194131]', 'weights': '[0.16666666666666669, 0.16666666666666669, 0.16666666666666669, 0.16666666666666669, 0.16666666666666669, 0.16666666666666669]', 'kernel_params': '[1, 2, 3, 4, 5, 6]'} 

{'performance': 84.280845335, 'path': "[('polynomial', [1, 5]), '1-gr_tfidf', 24, 'pareto', 1.5, 100.0]", 'estimated_output': '[4.0991066559043174, 4.4384599030660725, 121.4806077553871, 5.2348080632471987, 3.9117412859236809, 4.3585459580814483, 4.5529611813948936, 0.24673542315386587, 22.608137019442729]', 'weights': '[0.12018746419228409, 0.12018746419228409, 0.12018746419228409, 0.12018746419228409, 0.12018746419228409, 0.12018746419228409, 0.12018746419228409, 0.12018746419228409, 0.12018746419228409, 0.12018746419228409, 0.12018746419228409, 0.12018746419228409, 0.12018746419228409, 0.12018746419228409, 0.12018746419228409, 0.12018746419228409, 0.12018746419228409, 0.12018746419228409, 0.12018746419228409, 0.12018746419228409, 0.12018746419228409, 0.12018746419228409, 0.12018746419228409, 0.12018746419228409]', 'kernel_params': '[1, 2, 3, 4, 5, 6, 7, 8, 9, 10, 11, 12, 13, 14, 15, 16, 17, 18, 19, 20, 21, 22, 23, 24]'} 

{'performance': 54.5177155564, 'path': "[('gaussian', [0.5, 50]), '2-gr_tfidf', 22, 'gaussian', 5.0, 30.0]", 'estimated_output': '[7.9989340637777815, 14.865581095286686, 100.99955959213628, 23.597015592798765, 14.24650002131153, 16.597385614319059, 3.5220922457438846, 12.471265899334192, 68.376250579978006]', 'weights': '[0.54273866883163946, 0.54032588789950808, 0.54030555726103202, 0.54015026838195779, 0.53996015692221677, 0.53975607560917094, 0.53934010474427196, 0.53929635904097517, 0.53920025625247869, 0.53899211638305056, 0.53879012104349366, 0.53852904950183156, 0.53829127657719855, 0.53827097292297987, 0.53814897037226128, 0.53813109215968302, 0.53799178046601714, 0.53797908280849527, 0.53783330411911856, 0.53763885630184449, 0.53717762396581015, 0.53701874586125864]', 'kernel_params': '[22.39064387128296, 24.181179149286333, 24.19694559047837, 24.317799761738435, 24.46671650123891, 24.627762523481035, 24.959912795888226, 24.995146557704732, 25.072767138704883, 25.241859474421627, 25.407266958918058, 25.622973160971352, 25.82135081162197, 25.83837522818097, 25.940962958299487, 25.956039466913147, 26.07387171987556, 26.084642809997028, 26.20870395759929, 26.37530257781282, 26.775693478494595, 26.915341942746462]'} 

{'performance': 54.2938978148, 'path': "[('gaussian', [0.5, 50]), '2-gr_tfidf', 16, 'triangular', 5.0, 1000.0]", 'estimated_output': '[8.4290181670309963, 15.223792666624533, 101.3870299768557, 23.155186939522537, 14.574658528663921, 16.919732181656585, 3.9692423200877514, 12.263088851886664, 67.993180790347139]', 'weights': '[0.59495547861727149, 0.59037368791681621, 0.58295966300354296, 0.58036517514238317, 0.57999892372376027, 0.57885446793465656, 0.5784996417848165, 0.57246084348020709, 0.56886315158826939, 0.56819661792640097, 0.56668677942878654, 0.56636314779033103, 0.56599202413924365, 0.56468089323373549, 0.56415820635134073, 0.56089453637594999]', 'kernel_params': '[14.438386432257776, 16.510398411708607, 20.418089931035105, 21.993452861213839, 22.226180479973156, 22.971132201804977, 23.207736712701571, 27.706293582480743, 30.900871960256939, 31.544269018690859, 33.068881528482436, 33.408481787359392, 33.803759663988927, 35.252466001078623, 35.853864308634996, 39.955957022349892]'} 

{'performance': 54.1803118206, 'path': "[('gaussian', [0.5, 50]), '2-gr', 38, 'gaussian', 5.0, 7.0]", 'estimated_output': '[8.1277549004482594, 14.953730798692813, 100.84475703437089, 23.695246942369906, 14.390571783652511, 16.721616937502528, 3.639105240632297, 12.551451432142919, 68.321044894558852]', 'weights': '[0.48476444183569711, 0.48449288454458006, 0.48449231436630841, 0.48447268064175347, 0.4843245460569362, 0.483957527529564, 0.48391726392736939, 0.48389901980470934, 0.48383351403168778, 0.48381866189734557, 0.48381291669901089, 0.48368016687355697, 0.48354556739871946, 0.48349086269078856, 0.48341378367904075, 0.48337413310570282, 0.48336451332758917, 0.48324915282033165, 0.48313861650392187, 0.48308770195540585, 0.48305785825106246, 0.4829109915527105, 0.48290760985769549, 0.48282038828747059, 0.48274620122181466, 0.48273112618345931, 0.48270037086703044, 0.48261631212284023, 0.48244456827366372, 0.48233071461630495, 0.48232321161649039, 0.48226224898384557, 0.48224626603544823, 0.48221976473910289, 0.48204479928993621, 0.48204107057979184, 0.48076207093775131, 0.48063148378806442]', 'kernel_params': '[23.65579406425615, 23.887898366362606, 23.888391077548366, 23.90527525300457, 24.033105692763847, 24.35326632694669, 24.388692006821106, 24.404763464718357, 24.462574658335086, 24.475702484936292, 24.480783035590715, 24.598529001121893, 24.71860265441292, 24.767597547596313, 24.836827814682284, 24.87253479804464, 24.88120490533328, 24.985470468608604, 25.08586336998005, 25.132266595567515, 25.15951256793949, 25.29411819313996, 25.297228104950925, 25.37758678920007, 25.44617508554585, 25.460142938311904, 25.4886615458485, 25.566804003824064, 25.727360700013882, 25.83446562907961, 25.841543853818642, 25.899134073993732, 25.914260836568783, 25.939363969356215, 26.10583199133238, 26.109392365659343, 27.367109484464564, 27.499702206194854]'} 

{'performance': 51.6403254853, 'path': "[('gaussian', [0.5, 50]), '2-gr', 12, 'triangular', 5.0, 100.0]", 'estimated_output': '[9.392388873451786, 15.862865535225392, 100.04204413081747, 24.047535768506624, 15.695913289021973, 17.874990304743879, 4.8276286126314787, 12.961314948747198, 67.632871560796687]', 'weights': '[0.61918273389624501, 0.61796863964845916, 0.61774600991001349, 0.61419316552632042, 0.61238641987543707, 0.60959934804639482, 0.60639303043289039, 0.60558188287209902, 0.60528875653262615, 0.60151400142844247, 0.59969347148720831, 0.58785787590598604]', 'kernel_params': '[17.832079712846223, 18.469607203762664, 18.5888560487478, 20.599241538525835, 21.707183477224913, 23.547198745850419, 25.891155299641937, 26.527921024568396, 26.762749061542234, 30.034346345938193, 31.797873599238347, 47.732116872357601]'} 

{'performance': 38.7900102361, 'path': "[('polynomial', [1, 5]), '1-gr_tfidf', 26, 'gamma', 1.5, 0.1]", 'estimated_output': '[5.0329860895282241, 5.0238853784372051, 5.3197568730848266, 5.0325378296115204, 5.0324622175745981, 5.0328063249499024, 5.0313384937754257, 4.7547718645239136, 5.1041773748576738]', 'weights': '[0.11394215647720658, 0.11394215647720658, 0.11394215647720658, 0.11394215647720658, 0.11394215647720658, 0.11394215647720658, 0.11394215647720658, 0.11394215647720658, 0.11394215647720658, 0.11394215647720658, 0.11394215647720658, 0.11394215647720658, 0.11394215647720658, 0.11394215647720658, 0.11394215647720658, 0.11394215647720658, 0.11394215647720658, 0.11394215647720658, 0.11394215647720658, 0.11394215647720658, 0.11394215647720658, 0.11394215647720658, 0.11394215647720658, 0.11394215647720658, 0.11394215647720658, 0.11394215647720658]', 'kernel_params': '[1, 2, 3, 4, 5, 6, 7, 8, 9, 10, 11, 12, 13, 14, 15, 16, 17, 18, 19, 20, 21, 22, 23, 24, 25, 26]'} 

{'performance': 38.7672357923, 'path': "[('polynomial', [1, 5]), '1-gr_tfidf', 24, 'pareto', 1.5, 0.2]", 'estimated_output': '[5.0337629198724683, 5.0145640736593906, 5.5936001845566343, 5.0328174786816149, 5.0326579569336811, 5.0333839024681302, 5.0302873353824431, 4.4894003361583863, 5.1825691496886472]', 'weights': '[0.12018746419228399, 0.12018746419228399, 0.12018746419228399, 0.12018746419228399, 0.12018746419228399, 0.12018746419228399, 0.12018746419228399, 0.12018746419228399, 0.12018746419228399, 0.12018746419228399, 0.12018746419228399, 0.12018746419228399, 0.12018746419228399, 0.12018746419228399, 0.12018746419228399, 0.12018746419228399, 0.12018746419228399, 0.12018746419228399, 0.12018746419228399, 0.12018746419228399, 0.12018746419228399, 0.12018746419228399, 0.12018746419228399, 0.12018746419228399]', 'kernel_params': '[1, 2, 3, 4, 5, 6, 7, 8, 9, 10, 11, 12, 13, 14, 15, 16, 17, 18, 19, 20, 21, 22, 23, 24]'} 

{'performance': 38.7665443737, 'path': "[('polynomial', [1, 5]), '1-gr', 14, 'weibull', 1.0, 0.4]", 'estimated_output': '[5.0340111818854565, 5.0112214318692896, 5.4271861906377037, 5.032917762088557, 5.0327239831882009, 5.0335910186780479, 5.0299122816285298, 4.6473399041312797, 5.1904834038142091]', 'weights': '[0.071428571428571452, 0.071428571428571452, 0.071428571428571452, 0.071428571428571452, 0.071428571428571452, 0.071428571428571452, 0.071428571428571452, 0.071428571428571452, 0.071428571428571452, 0.071428571428571452, 0.071428571428571452, 0.071428571428571452, 0.071428571428571452, 0.071428571428571452]', 'kernel_params': '[1, 2, 3, 4, 5, 6, 7, 8, 9, 10, 11, 12, 13, 14]'} 

{'performance': 38.7447056332, 'path': "[('polynomial', [1, 5]), '1-gr', 14, 'weibull', 1.0, 0.6]", 'estimated_output': '[5.0348738689356667, 5.0006892439114159, 5.6246363820640362, 5.033233739240317, 5.0329430708897824, 5.034243624124553, 5.0287255185502762, 4.4548669523044016, 5.2695822018287952]', 'weights': '[0.071428571428571452, 0.071428571428571452, 0.071428571428571452, 0.071428571428571452, 0.071428571428571452, 0.071428571428571452, 0.071428571428571452, 0.071428571428571452, 0.071428571428571452, 0.071428571428571452, 0.071428571428571452, 0.071428571428571452, 0.071428571428571452, 0.071428571428571452]', 'kernel_params': '[1, 2, 3, 4, 5, 6, 7, 8, 9, 10, 11, 12, 13, 14]'} 

{'performance': 38.7157349588, 'path': "[('polynomial', [1, 5]), '1-gr', 32, 'beta', 1.0, 2.0]", 'estimated_output': '[5.0361274146094779, 4.9862074421935869, 6.9577894524800072, 5.0336682078239869, 5.0332534685683523, 5.0351409690186593, 5.0270895610953046, 3.1843123875521071, 5.4329577204808315]', 'weights': '[0.03125, 0.03125, 0.03125, 0.03125, 0.03125, 0.03125, 0.03125, 0.03125, 0.03125, 0.03125, 0.03125, 0.03125, 0.03125, 0.03125, 0.03125, 0.03125, 0.03125, 0.03125, 0.03125, 0.03125, 0.03125, 0.03125, 0.03125, 0.03125, 0.03125, 0.03125, 0.03125, 0.03125, 0.03125, 0.03125, 0.03125, 0.03125]', 'kernel_params': '[1, 2, 3, 4, 5, 6, 7, 8, 9, 10, 11, 12, 13, 14, 15, 16, 17, 18, 19, 20, 21, 22, 23, 24, 25, 26, 27, 28, 29, 30, 31, 32]'} 

{'performance': 38.6980999931, 'path': "[('polynomial', [1, 5]), '1-gr', 28, 'gamma', 1.5, 1.5]", 'estimated_output': '[5.0422843152371781, 4.9123534733876895, 9.4404779298063062, 5.0358839055390341, 5.0348044175603137, 5.0397171944549655, 5.0187610678909946, 0.78492230838542731, 6.0657483604890814]', 'weights': '[0.10844960613841655, 0.10844960613841655, 0.10844960613841655, 0.10844960613841655, 0.10844960613841655, 0.10844960613841655, 0.10844960613841655, 0.10844960613841655, 0.10844960613841655, 0.10844960613841655, 0.10844960613841655, 0.10844960613841655, 0.10844960613841655, 0.10844960613841655, 0.10844960613841655, 0.10844960613841655, 0.10844960613841655, 0.10844960613841655, 0.10844960613841655, 0.10844960613841655, 0.10844960613841655, 0.10844960613841655, 0.10844960613841655, 0.10844960613841655, 0.10844960613841655, 0.10844960613841655, 0.10844960613841655, 0.10844960613841655]', 'kernel_params': '[1, 2, 3, 4, 5, 6, 7, 8, 9, 10, 11, 12, 13, 14, 15, 16, 17, 18, 19, 20, 21, 22, 23, 24, 25, 26, 27, 28]'} 

{'performance': 38.6976254215, 'path': "[('polynomial', [1, 5]), '3-gr', 8, 'weibull', 1.0, 0.8]", 'estimated_output': '[5.0371085804442304, 4.9585847598713304, 5.8312315515483508, 5.0344976478473278, 5.0334199593417246, 5.0368457260795934, 5.0242339101478937, 4.2529374681793959, 5.4616494447827026]', 'weights': '[0.125, 0.125, 0.125, 0.125, 0.125, 0.125, 0.125, 0.125]', 'kernel_params': '[1, 2, 3, 4, 5, 6, 7, 8]'} 

{'performance': 38.6908147183, 'path': "[('polynomial', [1, 5]), '1-gr', 28, 'gamma', 1.5, 1.4]", 'estimated_output': '[5.0416177480737021, 4.9203489623475125, 9.146598455004888, 5.0356440323554343, 5.0346365102419623, 5.0392217686769705, 5.0196627172172645, 1.0680798750120668, 5.9968508569754784]', 'weights': '[0.10844960613841655, 0.10844960613841655, 0.10844960613841655, 0.10844960613841655, 0.10844960613841655, 0.10844960613841655, 0.10844960613841655, 0.10844960613841655, 0.10844960613841655, 0.10844960613841655, 0.10844960613841655, 0.10844960613841655, 0.10844960613841655, 0.10844960613841655, 0.10844960613841655, 0.10844960613841655, 0.10844960613841655, 0.10844960613841655, 0.10844960613841655, 0.10844960613841655, 0.10844960613841655, 0.10844960613841655, 0.10844960613841655, 0.10844960613841655, 0.10844960613841655, 0.10844960613841655, 0.10844960613841655, 0.10844960613841655]', 'kernel_params': '[1, 2, 3, 4, 5, 6, 7, 8, 9, 10, 11, 12, 13, 14, 15, 16, 17, 18, 19, 20, 21, 22, 23, 24, 25, 26, 27, 28]'} 

{'performance': 38.6709310834, 'path': "[('polynomial', [1, 5]), '1-gr_tfidf', 26, 'gamma', 1.5, 1.3]", 'estimated_output': '[5.0413894704464681, 4.9230802262632176, 8.7694096566823063, 5.0355620915293215, 5.0345791350493334, 5.0390525309282932, 5.0199707256600865, 1.4246045453904377, 5.9668761797293168]', 'weights': '[0.11394215647720658, 0.11394215647720658, 0.11394215647720658, 0.11394215647720658, 0.11394215647720658, 0.11394215647720658, 0.11394215647720658, 0.11394215647720658, 0.11394215647720658, 0.11394215647720658, 0.11394215647720658, 0.11394215647720658, 0.11394215647720658, 0.11394215647720658, 0.11394215647720658, 0.11394215647720658, 0.11394215647720658, 0.11394215647720658, 0.11394215647720658, 0.11394215647720658, 0.11394215647720658, 0.11394215647720658, 0.11394215647720658, 0.11394215647720658, 0.11394215647720658, 0.11394215647720658]', 'kernel_params': '[1, 2, 3, 4, 5, 6, 7, 8, 9, 10, 11, 12, 13, 14, 15, 16, 17, 18, 19, 20, 21, 22, 23, 24, 25, 26]'} 

{'performance': 38.6346510967, 'path': "[('polynomial', [1, 5]), '1-gr_tfidf', 6, 'weibull', 1.0, 1.2]", 'estimated_output': '[5.0386324892151864, 4.8851785691096561, 6.2375171876753175, 5.0367094878736358, 5.0328958331563047, 5.0412991070992526, 5.0174389618669588, 3.8595198794111369, 5.7499776104812632]', 'weights': '[0.16666666666666666, 0.16666666666666666, 0.16666666666666666, 0.16666666666666666, 0.16666666666666666, 0.16666666666666666]', 'kernel_params': '[1, 2, 3, 4, 5, 6]'} 

{'performance': 38.6243234726, 'path': "[('polynomial', [1, 5]), '1-gr_tfidf', 2, 'beta', 1.0, 1.8]", 'estimated_output': '[4.9832756683438202, 4.4468046161331012, 6.8954563257373405, 5.0521403347614138, 4.9646994615931375, 5.0484263252944288, 5.0428124831448882, 3.2783505575702705, 6.3172754090448553]', 'weights': '[0.5, 0.5]', 'kernel_params': '[1, 2]'} 

{'performance': 38.617401119, 'path': "[('polynomial', [1, 5]), '3-gr', 20, 'gamma', 1.5, 1.6]", 'estimated_output': '[5.045614742444835, 4.8721886212619978, 9.2814990457546074, 5.0370888938892389, 5.0356467870500339, 5.0422059356202027, 5.014232051256224, 0.90803637556321881, 6.3516788875324419]', 'weights': '[0.13572088082974529, 0.13572088082974529, 0.13572088082974529, 0.13572088082974529, 0.13572088082974529, 0.13572088082974529, 0.13572088082974529, 0.13572088082974529, 0.13572088082974529, 0.13572088082974529, 0.13572088082974529, 0.13572088082974529, 0.13572088082974529, 0.13572088082974529, 0.13572088082974529, 0.13572088082974529, 0.13572088082974529, 0.13572088082974529, 0.13572088082974529, 0.13572088082974529]', 'kernel_params': '[1, 2, 3, 4, 5, 6, 7, 8, 9, 10, 11, 12, 13, 14, 15, 16, 17, 18, 19, 20]'} 

{'performance': 38.5978422538, 'path': "[('polynomial', [1, 5]), '3-gr', 18, 'beta', 1.0, 5.0]", 'estimated_output': '[5.0493042572584113, 4.8274930756848828, 9.9383468133023101, 5.0384298079581482, 5.0365821647475713, 5.0449754122898351, 5.0091929737713174, 0.26280542935225792, 6.6832159593059846]', 'weights': '[0.055555555555555552, 0.055555555555555552, 0.055555555555555552, 0.055555555555555552, 0.055555555555555552, 0.055555555555555552, 0.055555555555555552, 0.055555555555555552, 0.055555555555555552, 0.055555555555555552, 0.055555555555555552, 0.055555555555555552, 0.055555555555555552, 0.055555555555555552, 0.055555555555555552, 0.055555555555555552, 0.055555555555555552, 0.055555555555555552]', 'kernel_params': '[1, 2, 3, 4, 5, 6, 7, 8, 9, 10, 11, 12, 13, 14, 15, 16, 17, 18]'} 

{'performance': 38.562934995, 'path': "[('polynomial', [1, 5]), '3-gr', 3, 'pareto', 1.5, 1.1]", 'estimated_output': '[5.1116136598264319, 4.6593701796529654, 6.6520612404026682, 5.0439812271723081, 5.0716539353038499, 5.0624490637406243, 4.9595410447889519, 3.4804077619615201, 6.1344212560574745]', 'weights': '[0.48074985676913612, 0.48074985676913612, 0.48074985676913612]', 'kernel_params': '[1, 2, 3]'} 

{'performance': 38.245824594, 'path': "[('gaussian', [0.5, 50]), '3-gr_tfidf', 5, 'linear', 2.0, 0.4]", 'estimated_output': '[5.1338041818975872, 5.1914431681792959, 5.7815116629353307, 5.1630399093020447, 5.1549766160259249, 5.1770689838660582, 5.1168479050735591, 4.7527497729753669, 5.56846867870666]', 'weights': '[0.5628219488935241, 0.44849658368342948, 0.40836392545027583, 0.40032942179828956, 0.39377344590700453]', 'kernel_params': '[0.5, 22.5, 39.0, 44.5, 50.0]'} 

{'performance': 38.2054570579, 'path': "[('polynomial', [1, 5]), '1-gr', 32, 'beta', 1.0, 7.0]", 'estimated_output': '[5.0341352439269773, 4.9139250991854961, 11.778840984891056, 5.0483472740060584, 5.025830952155582, 5.0377018279618397, 5.0145934612827112, 0.18849461136496881, 6.4519951861140452]', 'weights': '[0.03124999999999999, 0.03124999999999999, 0.03124999999999999, 0.03124999999999999, 0.03124999999999999, 0.03124999999999999, 0.03124999999999999, 0.03124999999999999, 0.03124999999999999, 0.03124999999999999, 0.03124999999999999, 0.03124999999999999, 0.03124999999999999, 0.03124999999999999, 0.03124999999999999, 0.03124999999999999, 0.03124999999999999, 0.03124999999999999, 0.03124999999999999, 0.03124999999999999, 0.03124999999999999, 0.03124999999999999, 0.03124999999999999, 0.03124999999999999, 0.03124999999999999, 0.03124999999999999, 0.03124999999999999, 0.03124999999999999, 0.03124999999999999, 0.03124999999999999, 0.03124999999999999, 0.03124999999999999]', 'kernel_params': '[1, 2, 3, 4, 5, 6, 7, 8, 9, 10, 11, 12, 13, 14, 15, 16, 17, 18, 19, 20, 21, 22, 23, 24, 25, 26, 27, 28, 29, 30, 31, 32]'} 

{'performance': 38.1105416321, 'path': "[('polynomial', [1, 5]), '3-gr', 20, 'gamma', 1.5, 2.5]", 'estimated_output': '[5.0328022402496844, 4.8383377185476446, 11.677880613924541, 5.0515100066746186, 5.0196841897330637, 5.0373229340242007, 5.0007331481538166, 0.054615845473930946, 7.1141661448405484]', 'weights': '[0.13572088082974534, 0.13572088082974534, 0.13572088082974534, 0.13572088082974534, 0.13572088082974534, 0.13572088082974534, 0.13572088082974534, 0.13572088082974534, 0.13572088082974534, 0.13572088082974534, 0.13572088082974534, 0.13572088082974534, 0.13572088082974534, 0.13572088082974534, 0.13572088082974534, 0.13572088082974534, 0.13572088082974534, 0.13572088082974534, 0.13572088082974534, 0.13572088082974534]', 'kernel_params': '[1, 2, 3, 4, 5, 6, 7, 8, 9, 10, 11, 12, 13, 14, 15, 16, 17, 18, 19, 20]'} 

{'performance': 38.0865186772, 'path': "[('gaussian', [0.5, 50]), '2-gr', 38, 'gaussian', 5.0, 0.1]", 'estimated_output': '[4.9343714148641542, 5.1047352945608537, 6.7673672905654092, 5.2563616801106816, 5.035588203477384, 5.0953949369416049, 4.8581719345396159, 4.1859461041893136, 6.3751998489950754]', 'weights': '[0.48484198722170585, 0.48417638337765784, 0.48416688350080717, 0.48408519909597658, 0.48401987007759689, 0.48397973767793656, 0.48393552079231045, 0.48392888357914043, 0.48392107285295044, 0.48391027138317172, 0.4838765844821844, 0.48372239644446297, 0.48355862974331193, 0.48347174160420664, 0.48325028436758, 0.48315131095377384, 0.48300589488135398, 0.48300116035602464, 0.48290349675240646, 0.48284170467470211, 0.482839870017299, 0.48283248230956322, 0.48281659635149782, 0.48280547090562981, 0.48280218089507548, 0.48264808353219513, 0.48259408097092388, 0.48255953311355987, 0.48254074237804423, 0.48246402542104933, 0.48246376660695095, 0.48233463122298981, 0.48229223388248654, 0.48222771476053294, 0.48212969788026938, 0.48211475808689902, 0.48205986559034042, 0.48170075043871075]', 'kernel_params': '[23.03661492875546, 23.818347225859426, 23.829730158086736, 23.92785798776923, 24.006685565237955, 24.055259866199055, 24.108917938721888, 24.11698408231033, 24.12648043096484, 24.1396236108721, 24.18065605020325, 24.369554305894358, 24.572127888518143, 24.680431698812576, 24.959090715670428, 25.08486620345179, 25.27106272462399, 25.277151002718277, 25.40319452927547, 25.483340579350692, 25.485721309636205, 25.495328476412663, 25.515991157574643, 25.53047951243499, 25.534765944531728, 25.736490921115397, 25.80765171731837, 25.853300329370775, 25.878173134443628, 25.980027107663926, 25.980375229764796, 26.15295267190333, 26.20992650967261, 26.29691955843182, 26.429776915299446, 26.450098945692837, 26.524944759784404, 27.02121451699556]'} 

{'performance': 37.6829251915, 'path': "[('gaussian', [0.5, 50]), '2-gr_tfidf', 36, 'quadratic', 2.0, 0.2]", 'estimated_output': '[5.3034046334166085, 5.3618830714440922, 5.9540450221781791, 5.3422580624849267, 5.3475117556574299, 5.3668263917231993, 5.2625785289775733, 4.9663420326263701, 5.8714783274547706]', 'weights': '[0.18804569577831071, 0.18804569577831071, 0.18804569577831071, 0.18804569577831071, 0.18804569577830904, 0.18804569575413738, 0.18804568796935717, 0.18793919237472637, 0.18774590895465346, 0.18737490101915991, 0.18591740640044097, 0.18344152217201487, 0.18013650940544954, 0.17631748549015874, 0.17431076032596141, 0.17228154650672797, 0.16825157261145857, 0.16628676297228856, 0.16251726801586455, 0.1607269951211816, 0.1590053477140794, 0.15735428941677213, 0.15577444781183439, 0.15426541636608898, 0.15282601500106843, 0.15145450103517921, 0.14660082766890367, 0.14553244102239182, 0.14451665511737477, 0.14355080645027943, 0.14263230170174973, 0.14175862592573993, 0.14092736309267165, 0.14013621242161359, 0.13866553599736312, 0.13798193195600142]', 'kernel_params': '[0.1, 0.020408163265306121, 0.081632653061224483, 0.18367346938775508, 0.51020408163265296, 0.73469387755102034, 1.0, 2.4693877551020407, 2.9387755102040813, 3.4489795918367343, 4.5918367346938771, 5.8979591836734686, 7.3673469387755084, 9.0, 9.8775510204081627, 10.795918367346937, 12.755102040816325, 13.795918367346937, 16.0, 17.163265306122444, 18.367346938775508, 19.612244897959179, 20.897959183673468, 22.22448979591837, 23.591836734693874, 25.0, 31.04081632653061, 32.65306122448979, 34.306122448979586, 36.0, 37.734693877551017, 39.510204081632651, 41.326530612244888, 43.183673469387749, 47.020408163265301, 49.0]'} 

{'performance': 37.427595449, 'path': "[('polynomial', [1, 5]), '1-gr', 40, 'pareto', 1.5, 3.0]", 'estimated_output': '[5.0084942310158356, 4.928710408387567, 14.813365290872865, 5.0507696917465577, 5.000725904983951, 5.0205530397810723, 4.9991483537165511, 0.27925232186945603, 6.7168593599250954]', 'weights': '[0.085498797333834808, 0.085498797333834808, 0.085498797333834808, 0.085498797333834808, 0.085498797333834808, 0.085498797333834808, 0.085498797333834808, 0.085498797333834808, 0.085498797333834808, 0.085498797333834808, 0.085498797333834808, 0.085498797333834808, 0.085498797333834808, 0.085498797333834808, 0.085498797333834808, 0.085498797333834808, 0.085498797333834808, 0.085498797333834808, 0.085498797333834808, 0.085498797333834808, 0.085498797333834808, 0.085498797333834808, 0.085498797333834808, 0.085498797333834808, 0.085498797333834808, 0.085498797333834808, 0.085498797333834808, 0.085498797333834808, 0.085498797333834808, 0.085498797333834808, 0.085498797333834808, 0.085498797333834808, 0.085498797333834808, 0.085498797333834808, 0.085498797333834808, 0.085498797333834808, 0.085498797333834808, 0.085498797333834808, 0.085498797333834808, 0.085498797333834808]', 'kernel_params': '[1, 2, 3, 4, 5, 6, 7, 8, 9, 10, 11, 12, 13, 14, 15, 16, 17, 18, 19, 20, 21, 22, 23, 24, 25, 26, 27, 28, 29, 30, 31, 32, 33, 34, 35, 36, 37, 38, 39, 40]'} 

{'performance': 37.3973104556, 'path': "[('polynomial', [1, 5]), '3-gr', 18, 'beta', 1.0, 9.0]", 'estimated_output': '[4.990556551998151, 4.7992460260233045, 13.862864392175242, 5.0580194563124881, 4.9743133965937929, 5.0095061403869812, 4.9644491191079858, 0.036982547487975026, 8.0420345382797578]', 'weights': '[0.055555555555555552, 0.055555555555555552, 0.055555555555555552, 0.055555555555555552, 0.055555555555555552, 0.055555555555555552, 0.055555555555555552, 0.055555555555555552, 0.055555555555555552, 0.055555555555555552, 0.055555555555555552, 0.055555555555555552, 0.055555555555555552, 0.055555555555555552, 0.055555555555555552, 0.055555555555555552, 0.055555555555555552, 0.055555555555555552]', 'kernel_params': '[1, 2, 3, 4, 5, 6, 7, 8, 9, 10, 11, 12, 13, 14, 15, 16, 17, 18]'} 

{'performance': 37.2427838936, 'path': "[('polynomial', [1, 5]), '1-gr_tfidf', 2, 'beta', 1.0, 30.0]", 'estimated_output': '[1.4330480329188502, 1.6947364893582386, 35.482397001577276, 5.6511821241171045, 0.88710426867588499, 2.4439568023406717, 3.1569141759210488, 0.37824006269884602, 28.104790582591228]', 'weights': '[0.5, 0.5]', 'kernel_params': '[1, 2]'} 

{'performance': 37.0841218119, 'path': "[('gaussian', [0.5, 50]), '2-gr_tfidf', 9, 'linear', 2.0, 0.8]", 'estimated_output': '[5.351188233196118, 5.5059136122024075, 7.0257834962781409, 5.4744192865104715, 5.4373723045916602, 5.4921232778537821, 5.2739565996488063, 4.4794721085547806, 6.6722131441064461]', 'weights': '[0.39971813843727755, 0.39826962033436086, 0.345244484023285, 0.32645717062999136, 0.31313440222440386, 0.30788117417779931, 0.30333100331182988, 0.29935601314218135, 0.28525600760481729]', 'kernel_params': '[0.5, 3.4117647058823528, 15.058823529411764, 20.882352941176471, 26.705882352941174, 29.617647058823529, 32.529411764705884, 35.441176470588232, 50.0]'} 

{'performance': 37.050414845, 'path': "[('gaussian', [0.5, 50]), '2-gr', 12, 'triangular', 5.0, 0.6]", 'estimated_output': '[4.913539023868335, 5.2951017344114035, 9.1408318738816057, 5.5533732166276311, 5.1461033854347011, 5.2810121676023805, 4.7318331496084625, 3.0330892553159705, 8.1628842536637567]', 'weights': '[0.63521424371716639, 0.6161020957277985, 0.61292016239010472, 0.61218942613764338, 0.60963805029388263, 0.60763362205123606, 0.60718554363151922, 0.6049860495105559, 0.5984246942484488, 0.59823017168666259, 0.5972389365646219, 0.59624199663382271]', 'kernel_params': '[9.4832096023200787, 19.315312882326126, 21.58189749151737, 22.142652392195174, 24.236647667968914, 26.049625746055664, 26.477618112650379, 28.713420012499334, 37.094180033565557, 37.392588134598235, 38.968843816838387, 40.654690238247056]'} 

{'performance': 36.8648117005, 'path': "[('polynomial', [1, 5]), '1-gr', 14, 'weibull', 1.0, 50.0]", 'estimated_output': '[3.9954636869515774, 4.3385885361945453, 54.246118520372086, 5.1931217229044684, 3.9344330328684647, 4.3509533497503696, 4.1883989495159764, 0.10283413994056367, 25.248283572204819]', 'weights': '[0.071428571428571452, 0.071428571428571452, 0.071428571428571452, 0.071428571428571452, 0.071428571428571452, 0.071428571428571452, 0.071428571428571452, 0.071428571428571452, 0.071428571428571452, 0.071428571428571452, 0.071428571428571452, 0.071428571428571452, 0.071428571428571452, 0.071428571428571452]', 'kernel_params': '[1, 2, 3, 4, 5, 6, 7, 8, 9, 10, 11, 12, 13, 14]'} 

{'performance': 36.7456996673, 'path': "[('gaussian', [0.5, 50]), '2-gr', 10, 'linear', 2.0, 1.2]", 'estimated_output': '[5.224710139503955, 5.512234982787648, 8.385225412858679, 5.577509090642268, 5.3831480843983979, 5.4859645522468856, 5.1011145384536096, 3.6862620985829819, 7.6309565615463981]', 'weights': '[0.39578782979726557, 0.34602737597329397, 0.32664510502991628, 0.31252704587486474, 0.30688584668226798, 0.30196799676853814, 0.29764873971652434, 0.29042856805876766, 0.28738417519361781, 0.27991085420293832]', 'kernel_params': '[0.5, 13.526315789473683, 18.736842105263158, 23.94736842105263, 26.552631578947366, 29.157894736842103, 31.763157894736842, 36.973684210526315, 39.578947368421048, 47.39473684210526]'} 

{'performance': 36.4273230095, 'path': "[('polynomial', [1, 5]), '1-gr', 40, 'pareto', 1.5, 4.4]", 'estimated_output': '[4.9684395005926341, 4.912720309259063, 19.370157665677901, 5.0561086516123135, 4.9590190795133484, 4.9940191010976109, 4.9683285962909736, 0.28367316534230991, 7.5066008360926011]', 'weights': '[0.085498797333834836, 0.085498797333834836, 0.085498797333834836, 0.085498797333834836, 0.085498797333834836, 0.085498797333834836, 0.085498797333834836, 0.085498797333834836, 0.085498797333834836, 0.085498797333834836, 0.085498797333834836, 0.085498797333834836, 0.085498797333834836, 0.085498797333834836, 0.085498797333834836, 0.085498797333834836, 0.085498797333834836, 0.085498797333834836, 0.085498797333834836, 0.085498797333834836, 0.085498797333834836, 0.085498797333834836, 0.085498797333834836, 0.085498797333834836, 0.085498797333834836, 0.085498797333834836, 0.085498797333834836, 0.085498797333834836, 0.085498797333834836, 0.085498797333834836, 0.085498797333834836, 0.085498797333834836, 0.085498797333834836, 0.085498797333834836, 0.085498797333834836, 0.085498797333834836, 0.085498797333834836, 0.085498797333834836, 0.085498797333834836, 0.085498797333834836]', 'kernel_params': '[1, 2, 3, 4, 5, 6, 7, 8, 9, 10, 11, 12, 13, 14, 15, 16, 17, 18, 19, 20, 21, 22, 23, 24, 25, 26, 27, 28, 29, 30, 31, 32, 33, 34, 35, 36, 37, 38, 39, 40]'} 

{'performance': 36.29192186, 'path': "[('gaussian', [0.5, 50]), '3-gr_tfidf', 7, 'gaussian', 5.0, 1.5]", 'estimated_output': '[4.6730103722804772, 5.3366253930385934, 11.842634012961913, 5.8969574968782359, 5.0628314208144456, 5.2971963405939215, 4.3799920150542153, 1.862666626106277, 10.241771514843943]', 'weights': '[0.67974432926851613, 0.67787114143188654, 0.67782737513389868, 0.67778914365619369, 0.67702432108148602, 0.67698366750384842, 0.67601281226240995]', 'kernel_params': '[24.03108704655395, 25.50162825114455, 25.537280009350543, 25.568469892395083, 26.202502322163475, 26.236746765967755, 27.0715429568108]'} 

{'performance': 36.0865125259, 'path': "[('polynomial', [1, 5]), '3-gr', 3, 'pareto', 1.5, 10.0]", 'estimated_output': '[4.2115561766514071, 3.3984019264888921, 19.615748082971734, 5.2172941659110483, 4.0799013304394025, 4.459824262948719, 3.8432193926019478, 0.014469726050047704, 15.473369475735272]', 'weights': '[0.48074985676913617, 0.48074985676913617, 0.48074985676913617]', 'kernel_params': '[1, 2, 3]'} 

{'performance': 35.7405039803, 'path': "[('gaussian', [0.5, 50]), '3-gr_tfidf', 5, 'linear', 2.0, 1.6]", 'estimated_output': '[5.7629770302685994, 5.953226961877828, 7.8478007653360002, 5.8474197442716411, 5.8861804429210736, 5.9524212313254399, 5.6475451283522577, 4.6165076611375833, 7.4883227885230657]', 'weights': '[0.51553496647186137, 0.50204276163701989, 0.42017252229959967, 0.39509038669831875, 0.38669807560381847]', 'kernel_params': '[0.5, 6.0, 22.5, 33.5, 39.0]'} 

{'performance': 35.4476417682, 'path': "[('gaussian', [0.5, 50]), '2-gr', 10, 'linear', 2.0, 1.4]", 'estimated_output': '[5.6855338403582181, 5.9522776128342212, 8.7218484879292806, 5.9408803402095796, 5.8956212402778414, 5.9846244785540117, 5.4999047322796883, 4.1617817192403459, 8.2540048724899862]', 'weights': '[0.37158053461724372, 0.36288921138869124, 0.35067277869064878, 0.33849444882634216, 0.30392100523759358, 0.29817133713632465, 0.29319766625941351, 0.28505360989881651, 0.26941468968744636, 0.26760158108725363]', 'kernel_params': '[0.5, 5.7105263157894735, 8.3157894736842106, 10.921052631578947, 21.342105263157894, 23.94736842105263, 26.552631578947366, 31.763157894736842, 47.39473684210526, 50.0]'} 

{'performance': 35.1443094629, 'path': "[('gaussian', [0.5, 50]), '3-gr_tfidf', 4, 'triangular', 5.0, 20.0]", 'estimated_output': '[7.1694654752755014, 12.920244760295375, 75.719730768126595, 19.40459236679224, 12.176038063616584, 14.141497409782907, 3.5077144712462491, 10.114056287026667, 58.021893683567832]', 'weights': '[0.77713289908217376, 0.76025217884436358, 0.74859498021457371, 0.74368847087328083]', 'kernel_params': '[17.133493866137194, 23.672288679736315, 29.766844880712164, 32.906406406189589]'} 

{'performance': 34.6104554102, 'path': "[('polynomial', [1, 5]), '3-gr', 8, 'weibull', 1.0, 20.0]", 'estimated_output': '[4.4578175275687846, 4.3119246698161433, 24.924401982940211, 5.1390099894898054, 4.4076091757214027, 4.6636766682489483, 4.5196670652076634, -0.0092559192658994149, 16.025096668191637]', 'weights': '[0.125, 0.125, 0.125, 0.125, 0.125, 0.125, 0.125, 0.125]', 'kernel_params': '[1, 2, 3, 4, 5, 6, 7, 8]'} 

{'performance': 33.8916451958, 'path': "[('gaussian', [0.5, 50]), '2-gr_tfidf', 16, 'triangular', 5.0, 1.0]", 'estimated_output': '[5.2536311255093038, 6.0257028267223669, 14.078748456476539, 6.5040762342255967, 5.7951489129856046, 6.0647277362054695, 4.819994603369846, 2.4721481211153318, 11.968258550983279]', 'weights': '[0.61124347077905383, 0.5972772079797648, 0.58344254624604608, 0.58033530662108279, 0.57697645408361031, 0.5755731442769062, 0.5753779137792886, 0.57312976640045332, 0.57243240807545537, 0.56860498001059856, 0.56712366278944448, 0.56433500215697618, 0.56104524437098791, 0.55830523993128622, 0.55654202445876033, 0.55611045787975877]', 'kernel_params': '[5.2147508683989132, 10.988575682696197, 17.729571851443751, 19.632676533874111, 21.927793768633592, 22.972524431555648, 23.122307085986257, 24.931918729141831, 25.527208756779071, 29.128031786180287, 30.695924032449131, 33.968543791534458, 38.486623900632516, 42.943252145129357, 46.230456617796548, 47.093349489400637]'} 

{'performance': 30.0824607877, 'path': "[('gaussian', [0.5, 50]), '3-gr_tfidf', 7, 'gaussian', 5.0, 3.5]", 'estimated_output': '[4.9828960070765982, 6.578697768686256, 23.20500868063634, 8.2798576111641413, 6.1924996642552452, 6.7449801743957867, 4.0992286856346896, 3.3209698819267732, 18.770115220577654]', 'weights': '[0.67888487477007253, 0.67814037608274158, 0.67808207959050903, 0.6780185260395567, 0.67673182924010833, 0.67670598476428623, 0.67669880561467577]', 'kernel_params': '[24.36158831934981, 24.80516854142701, 24.840294408677245, 24.878658475310036, 25.67058692276761, 25.686795147487672, 25.69130395819173]'} 

{'performance': 29.9602299133, 'path': "[('gaussian', [0.5, 50]), '2-gr', 30, 'quadratic', 2.0, 1.8]", 'estimated_output': '[7.23753655591634, 7.7666031326563898, 13.223581429264854, 7.6378076777076283, 7.6559805087621218, 7.8324925478053178, 6.8669346833498315, 4.7502740390581613, 12.295074604911823]', 'weights': '[0.21175771772586416, 0.21175771772586416, 0.21175771772586416, 0.2117577177258621, 0.21175770807596384, 0.21175235120428404, 0.20774713094416286, 0.20606814564326453, 0.20413079047502231, 0.20198403556716774, 0.19967907541355426, 0.19478504186959583, 0.184869782196113, 0.18021187770992436, 0.17587229163483206, 0.1738321357573854, 0.17187998763105838, 0.16823674568822009, 0.1665420385797238, 0.16492856752913515, 0.16339333752059676, 0.16193313886225888, 0.16054465963546335, 0.15922453169881803, 0.15564105974631759, 0.15456153450983051, 0.15353441901534251, 0.15255687098333517, 0.15162616514340829, 0.14989507949425573]', 'kernel_params': '[0.1, 0.081632653061224483, 0.32653061224489793, 0.51020408163265296, 1.0, 1.6530612244897955, 5.2244897959183669, 5.8979591836734686, 6.6122448979591821, 7.3673469387755084, 8.1632653061224474, 9.8775510204081627, 13.795918367346937, 16.0, 18.367346938775508, 19.612244897959179, 20.897959183673468, 23.591836734693874, 25.0, 26.448979591836729, 27.938775510204081, 29.469387755102034, 31.04081632653061, 32.65306122448979, 37.734693877551017, 39.510204081632651, 41.326530612244888, 43.183673469387749, 45.081632653061213, 49.0]'} 

{'performance': 28.8325806419, 'path': "[('gaussian', [0.5, 50]), '3-gr_tfidf', 4, 'triangular', 5.0, 4.4]", 'estimated_output': '[6.4810064825881923, 7.4958808083968584, 18.332990311064105, 8.3147675832647074, 7.4865016759961582, 7.8112679401412999, 5.6575562072235979, 4.1488991262885273, 16.492055799201054]', 'weights': '[0.78756988462948863, 0.76126858613882875, 0.74681090798002803, 0.73120238316903263]', 'kernel_params': '[7.9366807647199842, 16.789302378149955, 24.015191202515378, 36.329521061360282]'} 

{'performance': 28.2623974744, 'path': "[('gaussian', [0.5, 50]), '2-gr_tfidf', 9, 'linear', 2.0, 4.5]", 'estimated_output': '[6.9754530706345808, 7.9297264651522248, 18.095903347879236, 8.2837077231031291, 7.806880293970722, 8.1246945817933138, 6.249914167762574, 4.3618615614616738, 15.924290903123623]', 'weights': '[0.41741585237582446, 0.38415134095247772, 0.36608755433475487, 0.32702211944207149, 0.31025264140273173, 0.30364040897663763, 0.29791313691251842, 0.28459922492189904, 0.28111391633022392]', 'kernel_params': '[3.4117647058823528, 9.235294117647058, 12.147058823529411, 20.882352941176471, 26.705882352941174, 29.617647058823529, 32.529411764705884, 41.264705882352942, 44.17647058823529]'} 

{'performance': 26.9724142764, 'path': "[('gaussian', [0.5, 50]), '3-gr_tfidf', 34, 'quadratic', 2.0, 2.0]", 'estimated_output': '[8.3206128466149831, 8.8631110842792005, 14.578070511767145, 8.7445774552610267, 8.8299044809297911, 9.0020088174878961, 7.8410425382904965, 6.0207903364076696, 13.904977778267966]', 'weights': '[0.19389317108438067, 0.19389317108438067, 0.19389317108438067, 0.19389317108437876, 0.19389317105703768, 0.19388825891912403, 0.19377270258051299, 0.19355407522718071, 0.19313441980222446, 0.19245557526037402, 0.18868530638392408, 0.18691197731057255, 0.18494697731829685, 0.1828371665213715, 0.18062727880084348, 0.17835748612813687, 0.1760622669745725, 0.17377015951236885, 0.16928170151942748, 0.16711651634194555, 0.15917855699081229, 0.15739168741210877, 0.15568491373576751, 0.15405690041273112, 0.1525056756191194, 0.14962355921930431, 0.14828698822527711, 0.14465884117687622, 0.14356645973662269, 0.14153950003088642, 0.14059934483328415, 0.13970456018917612, 0.13885265140510145, 0.13726812351092357]', 'kernel_params': '[0.020408163265306121, 0.081632653061224483, 0.18367346938775508, 0.51020408163265296, 0.73469387755102034, 1.6530612244897955, 2.4693877551020407, 2.9387755102040813, 3.4489795918367343, 4.0, 5.8979591836734686, 6.6122448979591821, 7.3673469387755084, 8.1632653061224474, 9.0, 9.8775510204081627, 10.795918367346937, 11.755102040816325, 13.795918367346937, 14.877551020408161, 19.612244897959179, 20.897959183673468, 22.22448979591837, 23.591836734693874, 25.0, 27.938775510204081, 29.469387755102034, 34.306122448979586, 36.0, 39.510204081632651, 41.326530612244888, 43.183673469387749, 45.081632653061213, 49.0]'} 

{'performance': 25.9954013033, 'path': "[('gaussian', [0.5, 50]), '2-gr_tfidf', 22, 'gaussian', 5.0, 2.5]", 'estimated_output': '[5.3844355137412663, 8.2628816952603046, 38.853084996244085, 11.515624104942315, 7.7090609744850678, 8.7016946824608983, 3.6974140865711664, 5.2568974205255135, 30.407372919812936]', 'weights': '[0.5423889524835408, 0.54107961431971852, 0.54054152677338918, 0.54044419902021312, 0.54007747784621285, 0.53995930803482295, 0.53994253145409676, 0.53987366569703099, 0.53964754936633907, 0.53931169150915015, 0.53921383869960693, 0.53884284584936715, 0.5387478703326507, 0.53859713698054035, 0.53770059716706564, 0.53764183067231275, 0.53761845993582191, 0.537420171431234, 0.53727056499710546, 0.53716429404346056, 0.53678529901856153, 0.53552187993138745]', 'kernel_params': '[22.815855525320462, 23.66662991551158, 24.026530524610934, 24.092285402011974, 24.341904734932747, 24.42296908569268, 24.43450164265762, 24.481911725846015, 24.638323061043224, 24.872784225785857, 24.941576456131404, 25.20442153063166, 25.272227313341126, 25.38028113672254, 26.034319984545117, 26.077885357407467, 26.09523234276404, 26.2429852347554, 26.35512329216318, 26.435126536002148, 26.722829098829763, 27.709686641040996]'} 

{'performance': 22.2268108683, 'path': "[('gaussian', [0.5, 50]), '2-gr', 30, 'quadratic', 2.0, 3.0]", 'estimated_output': '[9.7964129873405312, 10.625830676850754, 19.438689829482904, 10.530681664080308, 10.583947881023777, 10.850951258715144, 9.0824421508400128, 7.295145873247213, 18.066384976466921]', 'weights': '[0.21173018309117364, 0.21173018309117364, 0.21173018309117364, 0.21173018309117364, 0.21173018309117364, 0.21169317204148932, 0.21082134829131871, 0.20884664773973241, 0.20549218665258104, 0.20336808822858729, 0.20101440622620634, 0.19584026172002478, 0.19312149977806642, 0.19037228250030946, 0.18225051332879016, 0.17714363891260979, 0.17014896442837935, 0.16800865281840091, 0.16596428038673694, 0.1640142473692274, 0.16215619187508218, 0.1571030538033639, 0.15558074355416859, 0.15413337296124299, 0.1527572660632544, 0.15144881418166334, 0.14789481550767419, 0.14682304946112321, 0.14580264359908854, 0.14483076771377187]', 'kernel_params': '[0.1, 0.020408163265306121, 0.081632653061224483, 0.18367346938775508, 0.32653061224489793, 2.0408163265306118, 3.4489795918367343, 4.5918367346938771, 5.8979591836734686, 6.6122448979591821, 7.3673469387755084, 9.0, 9.8775510204081627, 10.795918367346937, 13.795918367346937, 16.0, 19.612244897959179, 20.897959183673468, 22.22448979591837, 23.591836734693874, 25.0, 29.469387755102034, 31.04081632653061, 32.65306122448979, 34.306122448979586, 36.0, 41.326530612244888, 43.183673469387749, 45.081632653061213, 47.020408163265301]'} 

{'performance': 14.9400210135, 'path': "[('gaussian', [0.5, 50]), '2-gr', 30, 'quadratic', 2.0, 40.0]", 'estimated_output': '[28.89660278233162, 31.233015284947967, 74.7687491722087, 32.219542346267815, 32.088002950246427, 32.810333279654003, 26.128713652436396, 25.410109687791071, 52.205998965522774]', 'weights': '[0.1997394083400432, 0.1997394083400432, 0.1997394083400432, 0.1997394083400432, 0.1997394083400432, 0.19973940831938869, 0.19973940166779894, 0.19971606758513283, 0.19865346854640098, 0.19792092764900279, 0.19580546193774967, 0.19446591570678096, 0.19298158482848674, 0.18971855338200405, 0.18800398961725528, 0.1811483027383792, 0.17792770369119101, 0.17639813325211345, 0.17492720200032225, 0.16964779725995466, 0.16736044482248555, 0.16528933669866705, 0.16432931099819523, 0.16341654544698339, 0.1625487219788091, 0.16093885975529384, 0.16019245838964488, 0.15948229899518618, 0.1588064194332047, 0.1575500820029673]', 'kernel_params': '[0.1, 0.020408163265306121, 0.081632653061224483, 0.18367346938775508, 0.32653061224489793, 0.73469387755102034, 1.0, 2.0408163265306118, 4.0, 4.5918367346938771, 5.8979591836734686, 6.6122448979591821, 7.3673469387755084, 9.0, 9.8775510204081627, 13.795918367346937, 16.0, 17.163265306122444, 18.367346938775508, 23.591836734693874, 26.448979591836729, 29.469387755102034, 31.04081632653061, 32.65306122448979, 34.306122448979586, 37.734693877551017, 39.510204081632651, 41.326530612244888, 43.183673469387749, 47.020408163265301]'} 

{'performance': 8.2862979553, 'path': "[('gaussian', [0.5, 50]), '3-gr_tfidf', 34, 'quadratic', 2.0, 10.0]", 'estimated_output': '[24.137254758437539, 26.61442811807937, 57.414823379800204, 27.178804237827908, 26.977786778075597, 27.745971700106359, 21.601950018780506, 21.062320361130762, 49.352526580472976]', 'weights': '[0.19562342080520512, 0.19562342080520512, 0.19562342080520512, 0.19562342080520512, 0.19562341129243532, 0.19562301631196297, 0.19561813054495966, 0.19549367970436585, 0.19480626764222603, 0.19407517185304254, 0.19166982852130565, 0.18810488298759978, 0.18598863886821515, 0.18371643917547784, 0.18133646111404428, 0.17642009442393536, 0.16911766088594785, 0.16678583450417925, 0.16452597992900725, 0.16234523671984347, 0.16024809671725615, 0.15823695071618105, 0.15631256208172251, 0.15447443455731893, 0.15272112968855855, 0.1494599993872727, 0.14794660397395393, 0.14650717341746067, 0.14259981569801727, 0.14030459468954137, 0.13924042845328791, 0.1382279292639588, 0.13726429704684809, 0.1363468480877435]', 'kernel_params': '[0.1, 0.020408163265306121, 0.081632653061224483, 0.32653061224489793, 1.0, 1.3061224489795917, 1.6530612244897955, 2.4693877551020407, 3.4489795918367343, 4.0, 5.2244897959183669, 6.6122448979591821, 7.3673469387755084, 8.1632653061224474, 9.0, 10.795918367346937, 13.795918367346937, 14.877551020408161, 16.0, 17.163265306122444, 18.367346938775508, 19.612244897959179, 20.897959183673468, 22.22448979591837, 23.591836734693874, 26.448979591836729, 27.938775510204081, 29.469387755102034, 34.306122448979586, 37.734693877551017, 39.510204081632651, 41.326530612244888, 43.183673469387749, 45.081632653061213]'} 

{'performance': 6.73327971995, 'path': "[('gaussian', [0.5, 50]), '2-gr_tfidf', 36, 'quadratic', 2.0, 9.0]", 'estimated_output': '[24.452380699304932, 26.77378980520264, 53.631404044218783, 26.241940206281075, 26.847222419075891, 27.591651337887427, 22.243896787735842, 20.760434524402896, 47.446801681445464]', 'weights': '[0.19210661439272453, 0.19210661439272453, 0.19210661439272453, 0.19210661439272453, 0.19210661439272234, 0.19210661436195289, 0.19210619171284071, 0.19210108627419836, 0.1920718407446253, 0.19172499815677288, 0.19125272075863556, 0.19048875376871716, 0.18624572132083592, 0.18425003136914053, 0.18203863756316307, 0.17966427615134806, 0.17462288978573717, 0.16946036551323965, 0.16691010705538672, 0.16197244369999608, 0.15514075806297276, 0.15303918745173489, 0.15102827494417775, 0.14910750197381242, 0.14386760886044034, 0.14228616845420913, 0.14078201847827057, 0.13669897862884411, 0.13546963704872123, 0.13430055963564139, 0.13318854575945649, 0.13213052136934941, 0.13112356010028695, 0.130164856980403, 0.12925175476345033, 0.12838173336793354]', 'kernel_params': '[0.1, 0.020408163265306121, 0.081632653061224483, 0.18367346938775508, 0.51020408163265296, 0.73469387755102034, 1.3061224489795917, 1.6530612244897955, 2.0408163265306118, 2.9387755102040813, 3.4489795918367343, 4.0, 5.8979591836734686, 6.6122448979591821, 7.3673469387755084, 8.1632653061224474, 9.8775510204081627, 11.755102040816325, 12.755102040816325, 14.877551020408161, 18.367346938775508, 19.612244897959179, 20.897959183673468, 22.22448979591837, 26.448979591836729, 27.938775510204081, 29.469387755102034, 34.306122448979586, 36.0, 37.734693877551017, 39.510204081632651, 41.326530612244888, 43.183673469387749, 45.081632653061213, 47.020408163265301, 49.0]'} 

