# All paths:
{}
{}
{}
{}
{}
{}
{}
{}
{}
{}
{}
{}
{}
{}
{}
{}
{}
{}
{}
{}

#The maximum performance path:
  Performance: 1.74991746554 
Parameters: ["[('wave', [0.5, 100]), '3-gr', 38, 'quadratic', 5.0, 1.2]", "{'family': 'WaveKernel', 'widths': [0.1, 0.041649312786339029, 0.16659725114535612, 0.37484381507705122, 0.66638900458142447, 1.4993752603082049, 2.0408163265306123, 2.6655560183256979, 3.3735943356934612, 4.1649312786339028, 5.0395668471470234, 5.9975010412328196, 7.0387338608912948, 8.1632653061224492, 9.3710953769262826, 10.662224073302792, 13.494377342773845, 15.035401915868391, 16.659725114535611, 20.158267388588094, 28.154935443565179, 30.362349021241155, 32.653061224489797, 35.027072053311116, 42.648896293211166, 45.356101624323195, 48.146605581007911, 53.97750937109538, 60.141607663473565, 66.638900458142444, 70.012494793835899, 73.469387755102034, 77.009579341940849, 80.633069554352375, 84.339858392336538, 92.003331945022921, 95.960016659725113, 100.0], 'support': [(-0.14020634632064763, 520), (-0.14020672279611474, 512), (-0.14020633174942396, 495), (-0.14020632604998037, 489), (-0.14020629763373732, 484), (-0.14020648978667327, 476), (-0.14020662702303022, 472), (-0.14020669267993618, 425), (-0.14020637248178414, 291), (-0.14020671648139518, 266), (-0.14020627451227255, 257), (-0.14020760367280288, 240), (-0.14020672087359767, 234), (-0.1402062175258954, 203), (-0.14020633661753648, 136), (-0.14020673191244776, 135), (-0.14020598007895535, 131), (-0.1402065116200431, 96), (-0.14020603196191503, 87), (-0.14020627629831553, 56), (0.13106370398138864, 20), (0.13106415955215256, 39), (0.13106380641477905, 82), (0.13106376323614158, 139), (0.13106438354594546, 148), (0.13106415975962174, 212), (0.1310641721195275, 227), (0.1310640641248783, 352), (0.13106394252100795, 358), (0.13106397786784993, 390), (0.12016929149064977, 12), (0.12017003756171968, 18), (0.1201697087549584, 80), (0.12016969802957246, 98), (0.12016974455954219, 190), (0.12016939950042795, 192), (0.12016959292420988, 207), (0.1201693700047993, 209), (0.12016967291149057, 210), (0.12016931129496303, 215), (-0.14020635767357725, 55), (-0.12931232934984854, 117), (-0.12931233732674657, 238), (-0.12931212309758583, 474), (-0.12931194957286116, 126), (-0.12931214607728653, 505), (-0.1184190524785942, 173), (-0.11841802298161762, 33), (-0.11841787504790625, 170), (-0.11841757307976508, 506), (-0.11841793383646092, 412), (-0.11841772532239549, 418), (-0.11841726241345832, 104), (-0.11841772488791662, 202), (-0.11841771863338692, 130), (-0.11841753828634563, 7), (-0.11841778185912732, 69), (-0.11841763205380627, 155), (-0.11841713000566631, 72), (-0.11841776790831378, 41), (0.12016973195686145, 296), (0.12016952580533041, 370), (0.12016958143946524, 321), (0.12016998910680385, 518), (0.12016930751684221, 314), (0.1092749659584688, 326), (0.10927531990942076, 448), (0.10927491667982238, 453), (0.1092750188612726, 346), (0.10927518806888484, 487), (0.10927518791740777, 66), (0.10927530928241144, 424), (0.10927559416266201, 163), (0.10927507242780353, 456), (0.10927559299905394, 124), (0.10927536530151909, 119), (0.10927513713358425, 363), (0.10927567630567397, 37), (0.10927528059356482, 70), (0.10927506785510235, 54), (-0.1184174500007466, 298), (-0.11841758075705888, 300), (-0.11296992958329458, 378), (-0.10752320823031002, 312), (-0.10752328395419726, 281), (-0.10752309752517109, 287), (-0.1075235460202248, 359), (-0.1075231595174753, 51), (-0.10752344509647795, 404), (-0.10752332974897225, 245), (-0.1075231560521474, 24), (-0.10752343861920824, 406), (-0.10752318998273054, 447), (-0.1075227233260312, 182), (-0.10752343274593346, 400), (-0.10752584990879446, 88), (-0.10752328179579031, 34), (-0.1075235932644492, 167), (-0.10752280347468635, 47), (-0.10752323258225524, 137), (0.10927481679358765, 350), (0.1092756722730675, 221), (0.10382893050554629, 255), (0.10382795761303998, 366), (0.09838097885479821, 386), (0.09838102364472104, 8), (0.09838089988262483, 481), (0.0983804677977114, 475), (0.09838073530887782, 201), (0.09838062066522846, 353), (0.09838073241579892, 435), (0.09838061823947684, 175), (0.09838073642632661, 446), (0.09838062058535234, 244), (0.09838061841951429, 113), (0.09838079470099467, 153), (0.09838073543909673, 328), (0.09838079491547783, 501), (0.09838097431377132, 371), (0.09838088189539287, 146), (-0.09662865039541967, 278), (-0.09662910017412274, 193), (-0.09662842411307519, 76), (-0.09662916028646763, 226), (-0.0966283421952863, 388), (-0.0966287593840391, 466), (-0.09662898913683197, 452), (-0.096628790410478, 302), (-0.09662905148390864, 471), (-0.09662900054907346, 427), (-0.0966283378381665, 479), (-0.0966287890253559, 304), (-0.09662833696222296, 143), (-0.09662914005712697, 463), (-0.0966291542597189, 384), (-0.0966287932293409, 283), (-0.09662833722861625, 73), (-0.09662876269171072, 74), (-0.09662904974085547, 413), (-0.09662875113879038, 45), (0.09838174449737636, 95), (0.0983809398785141, 383), (0.09838118496384221, 393), (0.09838133361834123, 25), (0.09838062103315176, 502), (0.09838090441206129, 516), (0.09838072641783926, 361), (0.09838057475300922, 434), (0.0983806684221797, 237), (0.09838049669145892, 486), (0.09838044621969566, 172), (0.09020999243650626, 199), (0.08748652623140062, 289), (0.08748632222072071, 184), (0.08748632999551936, 477), (0.0874869439410678, 3), (0.0874869423073226, 513), (0.08748613708601123, 374), (0.08748616961276008, 46), (0.08748613601073169, 247), (-0.09662869575788739, 410), (-0.09662893683834987, 116), (-0.096629115319252, 265), (-0.09662936507278042, 4), (-0.08573483158449255, 426), (-0.0857339528750173, 310), (-0.08573409865065326, 198), (-0.08573448779043685, 331), (-0.08573475302069823, 71), (-0.08573438685806821, 483), (-0.08573465793780297, 429), (-0.08573471131604822, 217), (-0.08573471092205412, 443), (-0.08573465795045045, 213), (-0.08573454116427162, 497), (-0.08573454128778589, 381), (-0.08573471087924206, 140), (-0.08573394218802118, 17), (-0.08573436050072814, 50), (-0.08573471078408214, 330), (0.08748622505485473, 391), (0.0874861661977962, 79), (0.08748617035943038, 180), (0.08748617013413411, 286), (0.08748628645485124, 368), (0.08748616614114814, 102), (0.08748633989820545, 125), (0.08748633932020736, 224), (0.08748648612639584, 364), (0.08748633881213233, 162), (0.08748628534914793, 465), (0.08748622190994357, 399), (0.08748693517262231, 343), (0.08748637996115076, 277), (0.08748637915468421, 519), (0.08748473978835176, 503), (0.07659236669611523, 356), (0.07659169617318314, 144), (0.0765924308602116, 290), (0.07659202107872747, 15), (-0.08573439835977589, 159), (-0.08573407697975056, 379), (-0.08573408027871206, 405), (-0.08573459384488313, 445), (-0.08573437060708611, 455), (-0.0857343007460213, 196), (-0.08573435940028298, 376), (-0.08573393027047446, 454), (-0.08573435776185258, 16), (-0.08573465103845626, 127), (-0.08573453710963146, 189), (-0.08573474080191447, 458), (-0.08573470466734945, 108), (-0.08573474868740673, 360), (-0.08573435184167816, 239), (-0.08573408129940657, 313), (-0.08573388841341463, 276), (-0.07484044688487748, 53), (-0.07483975885322108, 436), (-0.07483998485394362, 403), (0.07658720697667303, 260), (0.07659209881422997, 509), (0.07659218809353673, 498), (0.07659172517691451, 178), (0.07659183437448794, 149), (0.07659183291435938, 301), (0.07659209351158475, 242), (0.07659209622300679, 500), (0.07659170313411144, 262), (0.076592092366187, 157), (0.07659218490412384, 269), (0.07659254029298725, 85), (0.07659209188144518, 97), (0.07659211591821874, 480), (0.0765917297283752, 288), (0.07659212466323653, 191), (0.0765920911498299, 408), (0.07659212235516488, 28), (0.07659240644686033, 22), (0.07659211405362443, 340), (-0.07484034552600832, 42), (-0.0748399079507715, 268), (-0.0748403627928705, 306), (-0.07484019103561725, 309), (-0.07484036155625524, 327), (-0.07483990624637148, 345), (-0.0748401453599185, 402), (-0.07483996556233646, 367), (-0.07483990584063906, 499), (-0.07484035026270772, 252), (-0.07483954415058808, 103), (-0.07484008605616786, 459), (-0.07484013790309825, 44), (-0.07484034110177813, 392), (-0.07483953072885284, 284), (-0.07211613876810079, 174), (-0.0639470782165005, 259), (-0.0639453454349585, 335), (-0.06394519321019615, 246), (-0.06394564122066462, 141), (0.07659211053570177, 261), (0.07659187396052408, 106), (0.07659191701176951, 233), (0.07659346840965778, 186), (0.06570003702463349, 294), (0.065697888666155, 133), (0.06569783940881017, 134), (0.06569764370141738, 347), (0.06569750155838758, 507), (0.06569762880192159, 216), (0.06569739724125159, 336), (0.06569780245858903, 267), (0.06569744205651513, 86), (0.06569779856658878, 270), (0.06569734080573181, 461), (0.06569779074865877, 120), (0.06569734520853085, 68), (0.06569778961749546, 152), (0.06569772085139079, 292), (0.06569778952637247, 375), (-0.0639452954043831, 494), (-0.06394531202905927, 118), (-0.06394595882305451, 235), (-0.06394586853100574, 369), (-0.06394558299589291, 27), (-0.06394595739968775, 401), (-0.06394595626535804, 121), (-0.06394515204540849, 349), (-0.0639451520043896, 441), (-0.06394515146577195, 115), (-0.06394579991194005, 32), (-0.06394528765800117, 5), (-0.06394556469313484, 482), (-0.0639457694506134, 431), (-0.06394589030169072, 171), (-0.06394587903986847, 61), (-0.06394478452755209, 222), (-0.05849866120278859, 218), (-0.05305160066659378, 43), (-0.05305161998479098, 307), (0.06569772078522104, 31), (0.06569734536961984, 248), (0.06569737682903277, 81), (0.06569769614146069, 195), (0.06569743118701107, 467), (0.06569734437965676, 416), (0.06569814823883449, 156), (0.06569734370258058, 225), (0.06569734350167554, 109), (0.06569743004505169, 2), (0.06569769440426129, 105), (0.06569737469562273, 230), (0.06569777738004082, 430), (0.06569768686297621, 293), (0.06569776743209008, 101), (0.06569753423550703, 114), (0.065697323310286, 351), (0.06569732248486522, 348), (0.06569728809504057, 166), (0.06569739483642463, 258), (-0.05305124795579598, 365), (-0.05305091759405276, 282), (-0.05305122741114355, 100), (-0.05305136532032976, 75), (-0.05305117844362204, 223), (-0.05305141068229773, 515), (-0.053051562539110905, 204), (-0.053051356838801474, 417), (-0.05305118893339728, 94), (-0.05305118548962016, 232), (-0.053051116687987156, 398), (-0.053051185166640334, 26), (-1.2, 185), (-0.053050757157834506, 58), (-0.05305129661425586, 231), (-0.05305111444104347, 320), (-0.053051104867674864, 433), (-0.05305118290012067, 249), (-0.05305129007623449, 147), (-0.05305119851448429, 57), (0.06569764892743565, 437), (0.06569728535210646, 107), (0.06569730602761097, 263), (0.06569699899956741, 93), (0.06569751436750117, 181), (0.0629740906765424, 78), (0.05480299269921953, 493), (0.054802964384318496, 92), (0.054803163068379616, 65), (0.05480332624895544, 183), (0.05480332593219285, 323), (0.054803101904307656, 442), (0.05480332578838583, 334), (0.05480310216721875, 188), (0.054803154584541026, 112), (0.05480332496025323, 30), (0.05480315357772927, 21), (0.054803390294818906, 228), (0.054803319673507184, 440), (0.05480302249104801, 415), (-0.053051545691313456, 128), (-0.05305154529916276, 99), (-0.05305076966817314, 511), (-0.053051366148323884, 395), (-0.042157655611034114, 303), (-0.042157397514585526, 322), (-0.042156914051122506, 111), (-0.04215660366555367, 48), (-0.04215713094240252, 256), (-0.04215718139617407, 411), (-0.042156784972682916, 208), (-0.042156501291292225, 35), (-0.042157176216619414, 52), (-0.04215717614447867, 439), (-0.042157175804480244, 308), (-0.0421570132670398, 251), (-0.042157159485648237, 317), (-0.042156984695876885, 161), (-0.04215662266424222, 122), (-0.03126799827285093, 468), (1.2, 492), (0.05480307613651975, 264), (0.05480324770316462, 451), (0.05480283225156977, 129), (0.05480295225052545, 341), (0.05480277522872133, 49), (0.05479590477579024, 160), (0.04390895832519495, 414), (0.04390872290367214, 110), (0.04390884618229268, 219), (0.043908545945555474, 470), (0.043908545549616436, 89), (0.043908818176106, 14), (0.04390881727202501, 473), (0.04390854470741044, 419), (0.04390854457900093, 177), (0.04390854450781612, 422), (0.0439085899487817, 432), (0.0439092232387243, 421), (0.04390881503555471, 250), (-0.03126276232261854, 444), (-0.03126239493548642, 11), (-0.031261968924714695, 514), (-0.03126210241930623, 158), (-0.031262566811397906, 490), (-0.031262565694679445, 523), (-0.03126261804432087, 297), (-0.031262767153581894, 142), (-0.0312626129473772, 318), (-0.03126261798732485, 299), (-0.03126225701999526, 355), (-0.03126234241600673, 478), (-0.020368009301902957, 382), (-0.020368348216979873, 295), (-0.020367994745939692, 60), (-0.0203681700581117, 362), (-0.020368171115021875, 132), (-0.020368112319080388, 206), (-0.02036817003147261, 420), (0.0439085868927182, 164), (0.04390922190009857, 285), (0.043908757935145475, 154), (0.04390858769128046, 385), (0.04390935429294558, 460), (0.043908630394882096, 275), (0.043908576632874396, 279), (0.043908979108132656, 311), (0.043909307478664304, 253), (0.04390916588533641, 315), (0.043908724363590536, 397), (0.033014558769785485, 394), (0.0330144283988641, 123), (0.033014163615724165, 62), (0.033014197286545366, 83), (0.033014606521441975, 510), (0.03301442328378314, 280), (0.03301415070954, 428), (0.03301431191253078, 138), (0.03301436457863065, 205), (-0.0203680167258532, 13), (-0.020367689485410928, 23), (-0.02036788453003458, 338), (-0.020368252680336967, 176), (-0.020367914436322482, 438), (-0.020366635301082348, 449), (-0.020365071745847885, 423), (-0.017644740032987615, 521), (-0.009478227487126428, 324), (-0.009473530424676227, 169), (-0.00947408402364096, 6), (-0.009474036965774897, 40), (-0.00947322042458009, 380), (-0.009473638738190692, 325), (-0.009473549630024591, 373), (-0.009473995504993065, 342), (-0.009473721496340353, 377), (-0.009473592054154741, 344), (-0.009473888282747886, 504), (-0.009473718369844756, 305), (0.03301442187690924, 508), (0.033014421881657, 59), (0.03301414731236708, 211), (0.03301419069597927, 241), (0.03301409888356204, 150), (0.0330143497541061, 19), (0.03301451693338582, 145), (0.03301412437177302, 457), (0.03301459309614412, 491), (0.03301474013873219, 273), (0.03301373614455719, 38), (0.033013530244961335, 372), (0.02212046054019533, 485), (0.022119808610209908, 354), (0.022120154450902447, 36), (0.02212002729756022, 165), (0.022120026420314777, 274), (0.022120024960500275, 236), (0.022120147531014524, 332), (-0.009473945550938782, 67), (-0.009473594874116004, 63), (-0.00947382752964531, 200), (-0.009473774636953763, 84), (-0.009473531057563253, 77), (-0.009473170729785943, 319), (-0.009473999924134838, 396), (-0.009473779116906573, 10), (0.022120566035387312, 524), (0.022119851939835563, 337), (0.02211979642119587, 329), (0.022120562373086388, 517), (0.022119753365580117, 220), (0.02211975647168492, 339), (0.011225836116733957, 469), (0.011225588594011906, 194), (0.011225636306621649, 407), (0.011225757578924349, 450), (0.011225754276365418, 316), (0.011225404735476528, 333), (0.011225404616769769, 151), (0.011226037647992617, 409), (0.011226171977958901, 64), (0.011225719939141714, 387), (0.011225747043676121, 91), (0.011225617251161373, 243), (0.011225698460427258, 496), (0.011225796492920891, 197), (0.011226015765038858, 29), (0.011225492208393088, 9), (0.011225359953886503, 271), (0.00033111670432818687, 229), (0.00033099395516400217, 464), (0.0003310779322179899, 357), (0.0003311385780446462, 214), (0.0003311276559249791, 1), (0.00033092641386254856, 168), (0.000331350979066878, 488), (0.00033135071753491544, 90), (0.0003313505749666591, 187), (0.00033092495799099726, 272), (0.00033092491105049646, 0), (0.0003309242000258195, 462), (0.0003309605695248004, 254), (0.00033163956480058385, 522), (0.00033116083386743153, 389), (0.00033119350343993137, 179)], 'bias': 2.5839157811926627, 'weights': [0.48310694578311597, 0.48310694554167505, 0.48310694613623473, 0.48310694637500345, 0.48310694127701698, 0.48310695134176018, 0.48310692436384989, 0.48310693951299188, 0.48310693884743949, 0.48310696383104224, 0.48310697881351539, 0.48310689281025554, 0.48310693195872162, 0.48310695174944268, 0.48310693176416197, 0.48310693199963989, 0.48310699104865529, 0.48310707761765531, 0.48310687584727174, 0.48310682126958343, 0.48310695275824972, 0.48310701032219755, 0.48310695450258473, 0.48310694246944558, 0.4831073700601205, 0.48310734059878013, 0.48310695255112929, 0.48310745248258469, 0.48310680406397671, 0.4831074385635134, 0.48310729405176112, 0.48310717326843761, 0.48310680744791556, 0.48310692871156868, 0.48310627229777053, 0.48310637456239164, 0.48310654637786166, 0.4831064610306135], 'num_support_vectors': 525}", '[2.5839161499678927, 2.5839159253365382, 2.5839157616550943, 2.5839163120013584, 2.5839162585096545, 2.5839066486330107, 2.5839158496687729, 2.5839008537439105, 2.5839157255930263, 2.5839157586635899, 2.5839157538548045, 2.5839126562472678, 2.5839156515325201, 2.5839157701894675, 2.5839286087608899, 2.5839257541885186, 2.5839146797509809, 2.5839156790873536, 2.5839080238285113, 2.5839158489709364, 2.5839157312176626, 2.5839164402659609, 2.5839157824783689, 2.5839157741852277, 2.5839152087753421, 2.5839157882426331, 2.5839286575372062, 2.583915787077764, 2.583916107847585, 2.5839155447790789, 2.5839157571466242, 2.5839159062564492, 2.5839157839845432, 2.5839150917749607, 2.5839157417971284, 2.5839158103618911, 2.5839157582648591, 2.5839157798485943, 2.5839157806922657, 2.5839154939496209, 2.5839158110976124, 2.5839157042129393, 2.5839157776284174, 2.5839157607384049, 2.5839172246402393, 2.5839157819165846, 2.5839179386526192, 2.5839156405089985, 2.5839158743847825, 2.5839159190119143, 2.583915695093264, 2.5839136136432104, 2.583915742936568, 2.5839158942197007, 2.5839157624219595, 2.5839157894884242, 2.5839156759706245, 2.5839153046870327, 2.5839117288375713, 2.583915958311648, 2.583915837548791, 2.5839154803409277, 2.5839154341362582, 2.5839157283804322, 2.5839157563600099, 2.5839157765986216, 2.5839157276686446, 2.5839169095697292, 2.5839153780073496, 2.5839157104105683, 2.5839157259995242, 2.5839157548000178, 2.5839148483448042, 2.5839159048551461, 2.5839157952689744, 2.5839157904225449, 2.583915558163882, 2.5839156991598737, 2.5839157715444263, 2.5839128505989035, 2.583914736794096, 2.5839157694663895, 2.5839170880195175, 2.5839157782651578, 2.5839162470172101, 2.5839159339208928, 2.5839156976339068, 2.5839157590464708, 2.5839158030057439, 2.5839157937871526, 2.5839157813542011, 2.5839157776016535, 2.583915794641543, 2.5839157084062667, 2.5839165965436006, 2.5839156540587003, 2.5839157801819113, 2.5839158202242283, 2.5839156808603496, 2.5839162675964849, 2.583915807188363, 2.5839150544717699, 2.5839150797741941, 2.5839157587320249, 2.5839175183186622, 2.5839157739918281, 2.5839157659241603, 2.5839188152430146, 2.5839157807241735, 2.5839157717833201, 2.5839157959364387, 2.5839153908573893, 2.5839322202229429, 2.583916478042644, 2.5839157219018203, 2.5839155606665356, 2.5839157556059855, 2.583915670009072, 2.5839160215845709, 2.5839161195741647, 2.5839158623094667, 2.5839167450190961, 2.5839157277445439, 2.5839170767403612, 2.5839149260372873, 2.5839158067026444, 2.5839159251346411, 2.5839162548511072, 2.5839157040280591, 2.5839164261013554, 2.583915826529612, 2.5839149750415098, 2.58391582630636, 2.5839157363167242, 2.583915837099207, 2.5839154672802049, 2.5839095078861565, 2.583915753895019, 2.5839158008773246, 2.583915870103151, 2.5839157494883516, 2.5839157788983806, 2.5839157221105791, 2.5839157491262781, 2.583918703007035, 2.5839158519991012, 2.5839157471823118, 2.5839181606376695, 2.5839151282616046, 2.5839157878535124, 2.5839098892421268, 2.5839152825892406, 2.5839153954483516, 2.5839226427781403, 2.5839157677046041, 2.5839168346150552, 2.5839159418277049, 2.5839157969704529, 2.5839157680038758, 2.5839158059362584, 2.5839157534734709, 2.5839157891999411, 2.5839135755156413, 2.5839157919107585, 2.5839158675464939, 2.5839128798459146, 2.5839155488688608, 2.583915708868052, 2.583915795674141, 2.5839157812948361, 2.5839159657986248, 2.5839114338111906, 2.5839155361455548, 2.5839157509010402, 2.5839158020046127, 2.5839158001399238, 2.5839153738570659, 2.5839193311384463, 2.5839159059950632, 2.5839157768634675, 2.5839157741495842, 2.5839080431865202, 2.5839162789080778, 2.5839158826328466, 2.5839157764508887, 2.5839157906078376, 2.5839158453652393, 2.5839157617028818, 2.5839158175688524, 2.5839176474597645, 2.5839157841791507, 2.58391574770648, 2.5839157839634468, 2.5839154697190878, 2.5839154861723124, 2.5839157826048482, 2.5839157406867588, 2.5839157799112336, 2.5839637153316151, 2.583915236204271, 2.5839158786267151, 2.5839158434864311, 2.5839141381740021, 2.5839156523310529, 2.5839157448184222, 2.5839157759645595, 2.5839159166413643, 2.5839157841466927, 2.5839550122421788, 2.5839158543962526, 2.58391581621918, 2.583915777052546, 2.5839158061138874, 2.583915780415238, 2.5839153518020632, 2.5839158400795679, 2.5839158038669994, 2.5839158442067505, 2.5839157285734147, 2.5839149050611967, 2.5839150859217268, 2.583915722072355, 2.5839157304053222, 2.5839157106339687, 2.5839157781680684]']
