0.619771
0.371512
0.278873
0.255048
0.520759
0.205623
0.437135
0.220193
0.194604
0.418119
0.459941
0.93293
0.977365
0.490648
0.932424
0.179981
0.598118
0.727945
0.315676
0.85177
0.260946
0.889941
0.8346
0.949157
0.345782
0.727744
0.160004
0.883316
0.104068
0.744081
0.932483
0.438558
0.227673
0.00478008
0.742446
0.536514
0.135621
0.419799
0.304844
0.020113
0.65837
0.863447
0.460705
0.0674687
0.750854
0.476532
0.431765
0.88332
0.188533
0.823997
0.280253
0.706057
0.384202
0.909542
0.775951
0.341616
0.337557
0.224346
0.924658
0.837913
0.582692
0.422462
0.234516
0.518537
0.141073
0.331002
0.466811
0.475506
0.49323
0.630708
0.237133
0.90903
0.218296
0.151338
0.901463
0.442843
0.767446
0.629132
0.00385936
0.434028
0.302837
0.541335
0.946973
0.817823
0.813239
0.10044
0.951227
0.41459
0.920343
0.0356516
0.922705
0.63955
0.703433
0.281222
0.215436
0.850713
0.0819188
0.225481
0.962556
0.212128
0.580106
0.70738
0.911888
0.0584278
0.825911
0.232921
0.423583
0.425983
0.951711
0.578206
0.0118695
0.21
0.0943273
0.757012
0.625432
0.615474
0.708385
0.706156
0.506149
0.995168
0.93819
0.12643
0.0157038
0.482835
0.227268
0.0079229
0.463504
0.000110714
0.49596
0.894862
0.266684
0.0419591
0.704146
0.454606
0.598762
0.251854
0.740866
0.069837
0.860158
0.114147
0.956458
0.943545
0.0493089
0.785726
0.370012
0.912744
0.837984
0.491558
0.919465
0.639649
0.433661
0.254595
0.197038
0.372273
0.0932844
0.73965
0.153908
0.0575127
0.493851
0.501963
0.423627
0.437412
0.901343
0.291435
0.0598579
0.887358
0.761248
0.0126493
0.0128981
0.88095
0.0527405
0.336437
0.0861855
0.158726
0.180475
0.922084
0.765294
0.868981
0.847768
0.0523804
0.737635
0.953073
0.871354
0.265123
0.431968
0.264916
0.752044
0.703702
0.667571
0.802783
0.672818
0.0871353
0.0791109
0.294556
0.0243356
0.842372
0.784266
0.445484
0.321907
0.584686
0.548589
0.350032
0.882818
0.943647
0.646083
0.82238
0.0226475
0.184592
0.238613
0.485143
0.644715
0.75174
0.726063
0.0862181
0.901394
0.986538
0.712371
0.0127399
0.716675
0.492382
0.416156
0.240992
0.971718
0.318082
0.710417
0.975044
0.499785
0.139713
0.140644
0.075377
0.121627
0.87815
0.353291
0.888516
0.090117
0.00222816
0.677854
0.811449
0.345825
0.996854
0.370087
0.893961
0.75822
0.376339
0.117957
0.549427
0.398707
0.547948
0.371424
0.679893
0.431921
0.875283
0.273332
0.956287
0.515545
0.282643
0.402348
0.994526
0.745559
0.506309
0.383986
0.708289
0.860258
0.810217
0.376177
0.396333
0.275218
0.683925
0.914308
0.423715
0.723584
0.968277
0.961627
0.851662
0.812
0.138711
0.645381
0.613338
0.955622
0.882184
0.601788
0.0432322
0.92323
0.455222
0.275601
0.721525
0.785042
0.226007
0.700688
0.385266
0.862895
0.251137
0.461797
0.153908
0.0888921
0.279412
0.939817
0.0450977
0.822109
0.931444
